There is a yummy, yummy gummy in my tummy.

_	g	len-4	dist-13	_	i	n	_	m	y	_	t	len-4	dist-18	.
32	103	258	7-00	32	105	110	32	109	121	32	116	258	8-001	46

LIT-LEN CODE LENgTHS

4(32)
1(46)
1(103)
1(105)
1(109)
1(110)
1(116)
1(121)
1(256)
2(258)

14(8(4(2(1(105) 1(109)) 2(1(110) 1(116))) 4(2(1(121) 1(256)) 2(258))) 6(4(32) 2(1(46) 1(103))))

32	2
46	3
103	3
105	4
109	4
110	4
116	4
121	4
256	4
258	3

codes
32	00
46	010
103	011
105	1010
109	1011
110	1100
116	1101
121	1110
256	1111
258	100

DISTANCE CODE LENGTHS

 2
/ \
7 9

7	1
8	1

codes
7	0-00
8	1-001

code length alphabet entries
// LIT-LEN codes
18-0010101	// 0 repeated 32 times
2		// 32
18-0000010	// 0 repeated 13 times
3		// 46
18-0101101	// 0 repeated 56 times
3		// 103
0		// 104
4		// 105
17-000		// 0 repeated 3 times
4		// 109
4		// 110
17-010		// 0 repeated 5 times
4		// 116
17-001		// 0 repeated 4 times
4		// 121
18-1111011	// 0 repeated 134 times
4		// 256
0		// 257
3		// 258
// DISTANCE CODES
17-100		// 0 repeated 7 times
1		// 7
1		// 8

CODE LENGTH CODE USAGE\

0
1
2
3
4
17
18

6(4)
4(18)
4(17)
3(3)
2(1)
2(0)
1(2)

22(13(7(4(18) 3(2(1) 1(2))) 6(4)) 9(5(3(3) 2(0)) 4(17)))

16	0
17	2
18	3
0	3
8	0
7	0
9	0
6	0
10	0
5	0
11	0
4	2
12	0
3	3
13	0
2	4
14	0
1	4
15	0

0	3
1	4
2	4
3	3
4	2
17	2
18	3

CODES LENGTH ALPHABET CODES
0	100
1	1110
2	1111
3	101
4	00
17	01
18	110

HEADER = 101

HLIT = 259 - 257 = 2 = 00010 (LSB first = 01000)
HDIST = 9 - 1 = 8 = 01000 (LSB first = 00010)
HCLEN = 18 - 4 = 14 = 1110 (LSB first = 0111)

(CLEN + 4) * 3 = 54 bits: code lengths for the code length alphabet
000
010
011
011
000
000
000
000
000
000
000
010
000
011
000
100
000
100

HLIT + 257 = 259 code lengths for the lit-len alphabet
110-0010101	18-0010101
1111		2
110-0000010	18-0000010
101		3
110-0101101	18-0101101
101		3
100		0
00		4
01-000		17-000
00		4
00		4
01-010		17-010
00		4
01-001		17-001
00		4
110-1111011	18-1111011
00		4
100		0
101		3

HDIST + 1 = 9 code lengths for the distance alphabet
01-100		17-100
1110		1
1110		1

ACTUAL COMPRESSED DATA
00		32
011		103
100		258
0-00		7-00
00		32
1010		105
1100		110
00		32
1011		109
1110		121
00		32
1101		116
100		258
1-001		8-001
010		46
1111		256

BIT STREAM
010
10010001
01010000
10101001
10100101
10011101
10011101
10101001
01011100
01010000
0000011
00101 0
0000000
101
01000
00010
0111
000
010
110
110
000
000
000
000
000
000
000
010
000
110
000
001
000
001
110 1010100
1111
110 0100000
101
110 1011010
101
100
00
01 000
00
00
01 010
00
01 100
00
110 1101111
00
100
101
01 001
1110
1110
00
011
100
0 00
00
1010
1100
00
1011
1110
00
1101
100
1 100
010
1111
